Output of the circuit from HorseMove.py as a Bristol Fashion Circuit:

123 142
1 19
1 2
2 1 14 15 19 XOR
2 1 17 18 20 XOR
2 1 19 20 21 AND
2 1 14 17 22 XOR
2 1 15 18 23 XOR
2 1 22 23 24 AND
2 1 21 24 25 AND
2 1 0 7 26 AND
2 1 0 8 27 AND
2 1 0 9 28 AND
2 1 0 10 29 AND
2 1 0 11 30 AND
2 1 0 12 31 AND
1 1 0 32 INV
2 1 1 32 33 AND
2 1 2 32 34 AND
2 1 3 32 35 AND
2 1 4 32 36 AND
2 1 5 32 37 AND
2 1 6 32 38 AND
2 1 26 33 39 LOR
2 1 27 34 40 LOR
2 1 28 35 41 LOR
2 1 29 36 42 LOR
2 1 30 37 43 LOR
2 1 31 38 44 LOR
2 1 15 41 45 XOR
2 1 15 41 46 AND
2 1 14 46 47 LOR
2 1 40 47 48 XOR
2 1 40 47 49 AND
2 1 39 49 50 XOR
2 1 39 49 51 AND
2 1 13 51 52 AND
2 1 18 44 53 XOR
2 1 18 44 54 AND
2 1 17 54 55 LOR
2 1 43 55 56 XOR
2 1 43 55 57 AND
2 1 42 57 58 XOR
2 1 42 57 59 AND
2 1 16 59 60 AND
2 1 15 41 61 XOR
1 1 41 62 INV
2 1 15 62 63 AND
2 1 14 63 64 LOR
2 1 64 40 65 XOR
1 1 40 66 INV
2 1 64 66 67 AND
2 1 67 39 68 XOR
1 1 39 69 INV
2 1 67 69 70 AND
1 1 13 71 INV
2 1 70 71 72 AND
2 1 18 44 73 XOR
1 1 44 74 INV
2 1 18 74 75 AND
2 1 17 75 76 LOR
2 1 76 43 77 XOR
1 1 43 78 INV
2 1 76 78 79 AND
2 1 79 42 80 XOR
1 1 42 81 INV
2 1 79 81 82 AND
1 1 16 83 INV
2 1 82 83 84 AND
2 1 13 50 85 AND
2 1 13 48 86 AND
2 1 13 45 87 AND
1 1 13 88 INV
2 1 88 68 89 AND
2 1 88 65 90 AND
2 1 88 61 91 AND
2 1 85 89 92 LOR
2 1 86 90 93 LOR
2 1 87 91 94 LOR
2 1 16 58 95 AND
2 1 16 56 96 AND
2 1 16 53 97 AND
1 1 16 98 INV
2 1 98 80 99 AND
2 1 98 77 100 AND
2 1 98 73 101 AND
2 1 95 99 102 LOR
2 1 96 100 103 LOR
2 1 97 101 104 LOR
2 1 0 1 105 AND
2 1 0 2 106 AND
2 1 0 3 107 AND
2 1 0 4 108 AND
2 1 0 5 109 AND
2 1 0 6 110 AND
1 1 0 111 INV
2 1 7 111 112 AND
2 1 8 111 113 AND
2 1 9 111 114 AND
2 1 10 111 115 AND
2 1 11 111 116 AND
2 1 12 111 117 AND
2 1 105 112 118 LOR
2 1 106 113 119 LOR
2 1 107 114 120 LOR
2 1 108 115 121 LOR
2 1 109 116 122 LOR
2 1 110 117 123 LOR
2 1 92 118 124 XNR
2 1 93 119 125 XNR
2 1 94 120 126 XNR
2 1 102 121 127 XNR
2 1 103 122 128 XNR
2 1 104 123 129 XNR
2 1 124 125 130 AND
2 1 126 127 131 AND
2 1 128 129 132 AND
2 1 130 131 133 AND
2 1 132 133 134 AND
1 1 134 135 LID
2 1 52 60 136 LOR
2 1 72 84 137 LOR
2 1 136 137 138 LOR
1 1 138 139 INV
2 1 139 25 140 AND
1 1 140 141 LID
