This is the output of PDH.py as a Bristol Fashion Circuit. Note, the final 32 gates (labelled LID) are meant as outputs.

1072 1106
1 34
1 32
2 1 24 29 34 XOR
2 1 25 30 35 XOR
2 1 26 31 36 XOR
2 1 27 24 37 XOR
2 1 28 25 38 XOR
2 1 29 26 39 XOR
2 1 39 7 40 XOR
2 1 39 7 41 AND
2 1 38 6 42 XOR
2 1 42 41 43 XOR
2 1 38 6 44 AND
2 1 6 41 45 AND
2 1 38 41 46 AND
2 1 44 45 47 LOR
2 1 46 47 48 LOR
2 1 37 5 49 XOR
2 1 49 48 50 XOR
2 1 37 5 51 AND
2 1 5 48 52 AND
2 1 37 48 53 AND
2 1 51 52 54 LOR
2 1 53 54 55 LOR
2 1 36 4 56 XOR
2 1 56 55 57 XOR
2 1 36 4 58 AND
2 1 4 55 59 AND
2 1 36 55 60 AND
2 1 58 59 61 LOR
2 1 60 61 62 LOR
2 1 35 3 63 XOR
2 1 63 62 64 XOR
2 1 35 3 65 AND
2 1 3 62 66 AND
2 1 35 62 67 AND
2 1 65 66 68 LOR
2 1 67 68 69 LOR
2 1 34 2 70 XOR
2 1 70 69 71 XOR
2 1 34 2 72 AND
2 1 2 69 73 AND
2 1 34 69 74 AND
2 1 72 73 75 LOR
2 1 74 75 76 LOR
2 1 28 1 77 XOR
2 1 77 76 78 XOR
2 1 28 1 79 AND
2 1 1 76 80 AND
2 1 28 76 81 AND
2 1 79 80 82 LOR
2 1 81 82 83 LOR
2 1 27 0 84 XOR
2 1 84 83 85 XOR
2 1 33 32 86 XOR
2 1 32 32 87 XOR
2 1 32 33 88 XOR
2 1 33 33 89 XOR
2 1 32 32 90 XOR
2 1 32 32 91 XOR
2 1 91 15 92 XOR
2 1 91 15 93 AND
2 1 90 14 94 XOR
2 1 94 93 95 XOR
2 1 90 14 96 AND
2 1 14 93 97 AND
2 1 90 93 98 AND
2 1 96 97 99 LOR
2 1 98 99 100 LOR
2 1 89 13 101 XOR
2 1 101 100 102 XOR
2 1 89 13 103 AND
2 1 13 100 104 AND
2 1 89 100 105 AND
2 1 103 104 106 LOR
2 1 105 106 107 LOR
2 1 88 12 108 XOR
2 1 108 107 109 XOR
2 1 88 12 110 AND
2 1 12 107 111 AND
2 1 88 107 112 AND
2 1 110 111 113 LOR
2 1 112 113 114 LOR
2 1 87 11 115 XOR
2 1 115 114 116 XOR
2 1 87 11 117 AND
2 1 11 114 118 AND
2 1 87 114 119 AND
2 1 117 118 120 LOR
2 1 119 120 121 LOR
2 1 86 10 122 XOR
2 1 122 121 123 XOR
2 1 86 10 124 AND
2 1 10 121 125 AND
2 1 86 121 126 AND
2 1 124 125 127 LOR
2 1 126 127 128 LOR
2 1 32 9 129 XOR
2 1 129 128 130 XOR
2 1 32 9 131 AND
2 1 9 128 132 AND
2 1 32 128 133 AND
2 1 131 132 134 LOR
2 1 133 134 135 LOR
2 1 33 8 136 XOR
2 1 136 135 137 XOR
2 1 85 50 138 XOR
2 1 78 43 139 XOR
2 1 71 40 140 XOR
2 1 64 85 141 XOR
2 1 57 78 142 XOR
2 1 50 71 143 XOR
2 1 143 23 144 XOR
2 1 143 23 145 AND
2 1 142 22 146 XOR
2 1 146 145 147 XOR
2 1 142 22 148 AND
2 1 22 145 149 AND
2 1 142 145 150 AND
2 1 148 149 151 LOR
2 1 150 151 152 LOR
2 1 141 21 153 XOR
2 1 153 152 154 XOR
2 1 141 21 155 AND
2 1 21 152 156 AND
2 1 141 152 157 AND
2 1 155 156 158 LOR
2 1 157 158 159 LOR
2 1 140 20 160 XOR
2 1 160 159 161 XOR
2 1 140 20 162 AND
2 1 20 159 163 AND
2 1 140 159 164 AND
2 1 162 163 165 LOR
2 1 164 165 166 LOR
2 1 139 19 167 XOR
2 1 167 166 168 XOR
2 1 139 19 169 AND
2 1 19 166 170 AND
2 1 139 166 171 AND
2 1 169 170 172 LOR
2 1 171 172 173 LOR
2 1 138 18 174 XOR
2 1 174 173 175 XOR
2 1 138 18 176 AND
2 1 18 173 177 AND
2 1 138 173 178 AND
2 1 176 177 179 LOR
2 1 178 179 180 LOR
2 1 57 17 181 XOR
2 1 181 180 182 XOR
2 1 57 17 183 AND
2 1 17 180 184 AND
2 1 57 180 185 AND
2 1 183 184 186 LOR
2 1 185 186 187 LOR
2 1 64 16 188 XOR
2 1 188 187 189 XOR
2 1 137 102 190 XOR
2 1 130 95 191 XOR
2 1 123 92 192 XOR
2 1 116 137 193 XOR
2 1 109 130 194 XOR
2 1 102 123 195 XOR
2 1 195 31 196 XOR
2 1 195 31 197 AND
2 1 194 30 198 XOR
2 1 198 197 199 XOR
2 1 194 30 200 AND
2 1 30 197 201 AND
2 1 194 197 202 AND
2 1 200 201 203 LOR
2 1 202 203 204 LOR
2 1 193 29 205 XOR
2 1 205 204 206 XOR
2 1 193 29 207 AND
2 1 29 204 208 AND
2 1 193 204 209 AND
2 1 207 208 210 LOR
2 1 209 210 211 LOR
2 1 192 28 212 XOR
2 1 212 211 213 XOR
2 1 192 28 214 AND
2 1 28 211 215 AND
2 1 192 211 216 AND
2 1 214 215 217 LOR
2 1 216 217 218 LOR
2 1 191 27 219 XOR
2 1 219 218 220 XOR
2 1 191 27 221 AND
2 1 27 218 222 AND
2 1 191 218 223 AND
2 1 221 222 224 LOR
2 1 223 224 225 LOR
2 1 190 26 226 XOR
2 1 226 225 227 XOR
2 1 190 26 228 AND
2 1 26 225 229 AND
2 1 190 225 230 AND
2 1 228 229 231 LOR
2 1 230 231 232 LOR
2 1 109 25 233 XOR
2 1 233 232 234 XOR
2 1 109 25 235 AND
2 1 25 232 236 AND
2 1 109 232 237 AND
2 1 235 236 238 LOR
2 1 237 238 239 LOR
2 1 116 24 240 XOR
2 1 240 239 241 XOR
2 1 189 154 242 XOR
2 1 182 147 243 XOR
2 1 175 144 244 XOR
2 1 168 189 245 XOR
2 1 161 182 246 XOR
2 1 154 175 247 XOR
2 1 247 33 248 XOR
2 1 247 33 249 AND
2 1 246 32 250 XOR
2 1 250 249 251 XOR
2 1 246 32 252 AND
2 1 32 249 253 AND
2 1 246 249 254 AND
2 1 252 253 255 LOR
2 1 254 255 256 LOR
2 1 245 32 257 XOR
2 1 257 256 258 XOR
2 1 245 32 259 AND
2 1 32 256 260 AND
2 1 245 256 261 AND
2 1 259 260 262 LOR
2 1 261 262 263 LOR
2 1 244 32 264 XOR
2 1 264 263 265 XOR
2 1 244 32 266 AND
2 1 32 263 267 AND
2 1 244 263 268 AND
2 1 266 267 269 LOR
2 1 268 269 270 LOR
2 1 243 33 271 XOR
2 1 271 270 272 XOR
2 1 243 33 273 AND
2 1 33 270 274 AND
2 1 243 270 275 AND
2 1 273 274 276 LOR
2 1 275 276 277 LOR
2 1 242 32 278 XOR
2 1 278 277 279 XOR
2 1 242 32 280 AND
2 1 32 277 281 AND
2 1 242 277 282 AND
2 1 280 281 283 LOR
2 1 282 283 284 LOR
2 1 161 32 285 XOR
2 1 285 284 286 XOR
2 1 161 32 287 AND
2 1 32 284 288 AND
2 1 161 284 289 AND
2 1 287 288 290 LOR
2 1 289 290 291 LOR
2 1 168 33 292 XOR
2 1 292 291 293 XOR
2 1 241 206 294 XOR
2 1 234 199 295 XOR
2 1 227 196 296 XOR
2 1 220 241 297 XOR
2 1 213 234 298 XOR
2 1 206 227 299 XOR
2 1 299 40 300 XOR
2 1 299 40 301 AND
2 1 298 43 302 XOR
2 1 302 301 303 XOR
2 1 298 43 304 AND
2 1 43 301 305 AND
2 1 298 301 306 AND
2 1 304 305 307 LOR
2 1 306 307 308 LOR
2 1 297 50 309 XOR
2 1 309 308 310 XOR
2 1 297 50 311 AND
2 1 50 308 312 AND
2 1 297 308 313 AND
2 1 311 312 314 LOR
2 1 313 314 315 LOR
2 1 296 57 316 XOR
2 1 316 315 317 XOR
2 1 296 57 318 AND
2 1 57 315 319 AND
2 1 296 315 320 AND
2 1 318 319 321 LOR
2 1 320 321 322 LOR
2 1 295 64 323 XOR
2 1 323 322 324 XOR
2 1 295 64 325 AND
2 1 64 322 326 AND
2 1 295 322 327 AND
2 1 325 326 328 LOR
2 1 327 328 329 LOR
2 1 294 71 330 XOR
2 1 330 329 331 XOR
2 1 294 71 332 AND
2 1 71 329 333 AND
2 1 294 329 334 AND
2 1 332 333 335 LOR
2 1 334 335 336 LOR
2 1 213 78 337 XOR
2 1 337 336 338 XOR
2 1 213 78 339 AND
2 1 78 336 340 AND
2 1 213 336 341 AND
2 1 339 340 342 LOR
2 1 341 342 343 LOR
2 1 220 85 344 XOR
2 1 344 343 345 XOR
2 1 293 258 346 XOR
2 1 286 251 347 XOR
2 1 279 248 348 XOR
2 1 272 293 349 XOR
2 1 265 286 350 XOR
2 1 258 279 351 XOR
2 1 351 92 352 XOR
2 1 351 92 353 AND
2 1 350 95 354 XOR
2 1 354 353 355 XOR
2 1 350 95 356 AND
2 1 95 353 357 AND
2 1 350 353 358 AND
2 1 356 357 359 LOR
2 1 358 359 360 LOR
2 1 349 102 361 XOR
2 1 361 360 362 XOR
2 1 349 102 363 AND
2 1 102 360 364 AND
2 1 349 360 365 AND
2 1 363 364 366 LOR
2 1 365 366 367 LOR
2 1 348 109 368 XOR
2 1 368 367 369 XOR
2 1 348 109 370 AND
2 1 109 367 371 AND
2 1 348 367 372 AND
2 1 370 371 373 LOR
2 1 372 373 374 LOR
2 1 347 116 375 XOR
2 1 375 374 376 XOR
2 1 347 116 377 AND
2 1 116 374 378 AND
2 1 347 374 379 AND
2 1 377 378 380 LOR
2 1 379 380 381 LOR
2 1 346 123 382 XOR
2 1 382 381 383 XOR
2 1 346 123 384 AND
2 1 123 381 385 AND
2 1 346 381 386 AND
2 1 384 385 387 LOR
2 1 386 387 388 LOR
2 1 265 130 389 XOR
2 1 389 388 390 XOR
2 1 265 130 391 AND
2 1 130 388 392 AND
2 1 265 388 393 AND
2 1 391 392 394 LOR
2 1 393 394 395 LOR
2 1 272 137 396 XOR
2 1 396 395 397 XOR
2 1 345 310 398 XOR
2 1 338 303 399 XOR
2 1 331 300 400 XOR
2 1 324 345 401 XOR
2 1 317 338 402 XOR
2 1 310 331 403 XOR
2 1 403 144 404 XOR
2 1 403 144 405 AND
2 1 402 147 406 XOR
2 1 406 405 407 XOR
2 1 402 147 408 AND
2 1 147 405 409 AND
2 1 402 405 410 AND
2 1 408 409 411 LOR
2 1 410 411 412 LOR
2 1 401 154 413 XOR
2 1 413 412 414 XOR
2 1 401 154 415 AND
2 1 154 412 416 AND
2 1 401 412 417 AND
2 1 415 416 418 LOR
2 1 417 418 419 LOR
2 1 400 161 420 XOR
2 1 420 419 421 XOR
2 1 400 161 422 AND
2 1 161 419 423 AND
2 1 400 419 424 AND
2 1 422 423 425 LOR
2 1 424 425 426 LOR
2 1 399 168 427 XOR
2 1 427 426 428 XOR
2 1 399 168 429 AND
2 1 168 426 430 AND
2 1 399 426 431 AND
2 1 429 430 432 LOR
2 1 431 432 433 LOR
2 1 398 175 434 XOR
2 1 434 433 435 XOR
2 1 398 175 436 AND
2 1 175 433 437 AND
2 1 398 433 438 AND
2 1 436 437 439 LOR
2 1 438 439 440 LOR
2 1 317 182 441 XOR
2 1 441 440 442 XOR
2 1 317 182 443 AND
2 1 182 440 444 AND
2 1 317 440 445 AND
2 1 443 444 446 LOR
2 1 445 446 447 LOR
2 1 324 189 448 XOR
2 1 448 447 449 XOR
2 1 397 362 450 XOR
2 1 390 355 451 XOR
2 1 383 352 452 XOR
2 1 376 397 453 XOR
2 1 369 390 454 XOR
2 1 362 383 455 XOR
2 1 455 196 456 XOR
2 1 455 196 457 AND
2 1 454 199 458 XOR
2 1 458 457 459 XOR
2 1 454 199 460 AND
2 1 199 457 461 AND
2 1 454 457 462 AND
2 1 460 461 463 LOR
2 1 462 463 464 LOR
2 1 453 206 465 XOR
2 1 465 464 466 XOR
2 1 453 206 467 AND
2 1 206 464 468 AND
2 1 453 464 469 AND
2 1 467 468 470 LOR
2 1 469 470 471 LOR
2 1 452 213 472 XOR
2 1 472 471 473 XOR
2 1 452 213 474 AND
2 1 213 471 475 AND
2 1 452 471 476 AND
2 1 474 475 477 LOR
2 1 476 477 478 LOR
2 1 451 220 479 XOR
2 1 479 478 480 XOR
2 1 451 220 481 AND
2 1 220 478 482 AND
2 1 451 478 483 AND
2 1 481 482 484 LOR
2 1 483 484 485 LOR
2 1 450 227 486 XOR
2 1 486 485 487 XOR
2 1 450 227 488 AND
2 1 227 485 489 AND
2 1 450 485 490 AND
2 1 488 489 491 LOR
2 1 490 491 492 LOR
2 1 369 234 493 XOR
2 1 493 492 494 XOR
2 1 369 234 495 AND
2 1 234 492 496 AND
2 1 369 492 497 AND
2 1 495 496 498 LOR
2 1 497 498 499 LOR
2 1 376 241 500 XOR
2 1 500 499 501 XOR
2 1 449 414 502 XOR
2 1 442 407 503 XOR
2 1 435 404 504 XOR
2 1 428 449 505 XOR
2 1 421 442 506 XOR
2 1 414 435 507 XOR
2 1 507 248 508 XOR
2 1 507 248 509 AND
2 1 506 251 510 XOR
2 1 510 509 511 XOR
2 1 506 251 512 AND
2 1 251 509 513 AND
2 1 506 509 514 AND
2 1 512 513 515 LOR
2 1 514 515 516 LOR
2 1 505 258 517 XOR
2 1 517 516 518 XOR
2 1 505 258 519 AND
2 1 258 516 520 AND
2 1 505 516 521 AND
2 1 519 520 522 LOR
2 1 521 522 523 LOR
2 1 504 265 524 XOR
2 1 524 523 525 XOR
2 1 504 265 526 AND
2 1 265 523 527 AND
2 1 504 523 528 AND
2 1 526 527 529 LOR
2 1 528 529 530 LOR
2 1 503 272 531 XOR
2 1 531 530 532 XOR
2 1 503 272 533 AND
2 1 272 530 534 AND
2 1 503 530 535 AND
2 1 533 534 536 LOR
2 1 535 536 537 LOR
2 1 502 279 538 XOR
2 1 538 537 539 XOR
2 1 502 279 540 AND
2 1 279 537 541 AND
2 1 502 537 542 AND
2 1 540 541 543 LOR
2 1 542 543 544 LOR
2 1 421 286 545 XOR
2 1 545 544 546 XOR
2 1 421 286 547 AND
2 1 286 544 548 AND
2 1 421 544 549 AND
2 1 547 548 550 LOR
2 1 549 550 551 LOR
2 1 428 293 552 XOR
2 1 552 551 553 XOR
2 1 501 466 554 XOR
2 1 494 459 555 XOR
2 1 487 456 556 XOR
2 1 480 501 557 XOR
2 1 473 494 558 XOR
2 1 466 487 559 XOR
2 1 559 300 560 XOR
2 1 559 300 561 AND
2 1 558 303 562 XOR
2 1 562 561 563 XOR
2 1 558 303 564 AND
2 1 303 561 565 AND
2 1 558 561 566 AND
2 1 564 565 567 LOR
2 1 566 567 568 LOR
2 1 557 310 569 XOR
2 1 569 568 570 XOR
2 1 557 310 571 AND
2 1 310 568 572 AND
2 1 557 568 573 AND
2 1 571 572 574 LOR
2 1 573 574 575 LOR
2 1 556 317 576 XOR
2 1 576 575 577 XOR
2 1 556 317 578 AND
2 1 317 575 579 AND
2 1 556 575 580 AND
2 1 578 579 581 LOR
2 1 580 581 582 LOR
2 1 555 324 583 XOR
2 1 583 582 584 XOR
2 1 555 324 585 AND
2 1 324 582 586 AND
2 1 555 582 587 AND
2 1 585 586 588 LOR
2 1 587 588 589 LOR
2 1 554 331 590 XOR
2 1 590 589 591 XOR
2 1 554 331 592 AND
2 1 331 589 593 AND
2 1 554 589 594 AND
2 1 592 593 595 LOR
2 1 594 595 596 LOR
2 1 473 338 597 XOR
2 1 597 596 598 XOR
2 1 473 338 599 AND
2 1 338 596 600 AND
2 1 473 596 601 AND
2 1 599 600 602 LOR
2 1 601 602 603 LOR
2 1 480 345 604 XOR
2 1 604 603 605 XOR
2 1 553 518 606 XOR
2 1 546 511 607 XOR
2 1 539 508 608 XOR
2 1 532 553 609 XOR
2 1 525 546 610 XOR
2 1 518 539 611 XOR
2 1 611 352 612 XOR
2 1 611 352 613 AND
2 1 610 355 614 XOR
2 1 614 613 615 XOR
2 1 610 355 616 AND
2 1 355 613 617 AND
2 1 610 613 618 AND
2 1 616 617 619 LOR
2 1 618 619 620 LOR
2 1 609 362 621 XOR
2 1 621 620 622 XOR
2 1 609 362 623 AND
2 1 362 620 624 AND
2 1 609 620 625 AND
2 1 623 624 626 LOR
2 1 625 626 627 LOR
2 1 608 369 628 XOR
2 1 628 627 629 XOR
2 1 608 369 630 AND
2 1 369 627 631 AND
2 1 608 627 632 AND
2 1 630 631 633 LOR
2 1 632 633 634 LOR
2 1 607 376 635 XOR
2 1 635 634 636 XOR
2 1 607 376 637 AND
2 1 376 634 638 AND
2 1 607 634 639 AND
2 1 637 638 640 LOR
2 1 639 640 641 LOR
2 1 606 383 642 XOR
2 1 642 641 643 XOR
2 1 606 383 644 AND
2 1 383 641 645 AND
2 1 606 641 646 AND
2 1 644 645 647 LOR
2 1 646 647 648 LOR
2 1 525 390 649 XOR
2 1 649 648 650 XOR
2 1 525 390 651 AND
2 1 390 648 652 AND
2 1 525 648 653 AND
2 1 651 652 654 LOR
2 1 653 654 655 LOR
2 1 532 397 656 XOR
2 1 656 655 657 XOR
2 1 605 570 658 XOR
2 1 598 563 659 XOR
2 1 591 560 660 XOR
2 1 584 605 661 XOR
2 1 577 598 662 XOR
2 1 570 591 663 XOR
2 1 663 404 664 XOR
2 1 663 404 665 AND
2 1 662 407 666 XOR
2 1 666 665 667 XOR
2 1 662 407 668 AND
2 1 407 665 669 AND
2 1 662 665 670 AND
2 1 668 669 671 LOR
2 1 670 671 672 LOR
2 1 661 414 673 XOR
2 1 673 672 674 XOR
2 1 661 414 675 AND
2 1 414 672 676 AND
2 1 661 672 677 AND
2 1 675 676 678 LOR
2 1 677 678 679 LOR
2 1 660 421 680 XOR
2 1 680 679 681 XOR
2 1 660 421 682 AND
2 1 421 679 683 AND
2 1 660 679 684 AND
2 1 682 683 685 LOR
2 1 684 685 686 LOR
2 1 659 428 687 XOR
2 1 687 686 688 XOR
2 1 659 428 689 AND
2 1 428 686 690 AND
2 1 659 686 691 AND
2 1 689 690 692 LOR
2 1 691 692 693 LOR
2 1 658 435 694 XOR
2 1 694 693 695 XOR
2 1 658 435 696 AND
2 1 435 693 697 AND
2 1 658 693 698 AND
2 1 696 697 699 LOR
2 1 698 699 700 LOR
2 1 577 442 701 XOR
2 1 701 700 702 XOR
2 1 577 442 703 AND
2 1 442 700 704 AND
2 1 577 700 705 AND
2 1 703 704 706 LOR
2 1 705 706 707 LOR
2 1 584 449 708 XOR
2 1 708 707 709 XOR
2 1 657 622 710 XOR
2 1 650 615 711 XOR
2 1 643 612 712 XOR
2 1 636 657 713 XOR
2 1 629 650 714 XOR
2 1 622 643 715 XOR
2 1 715 456 716 XOR
2 1 715 456 717 AND
2 1 714 459 718 XOR
2 1 718 717 719 XOR
2 1 714 459 720 AND
2 1 459 717 721 AND
2 1 714 717 722 AND
2 1 720 721 723 LOR
2 1 722 723 724 LOR
2 1 713 466 725 XOR
2 1 725 724 726 XOR
2 1 713 466 727 AND
2 1 466 724 728 AND
2 1 713 724 729 AND
2 1 727 728 730 LOR
2 1 729 730 731 LOR
2 1 712 473 732 XOR
2 1 732 731 733 XOR
2 1 712 473 734 AND
2 1 473 731 735 AND
2 1 712 731 736 AND
2 1 734 735 737 LOR
2 1 736 737 738 LOR
2 1 711 480 739 XOR
2 1 739 738 740 XOR
2 1 711 480 741 AND
2 1 480 738 742 AND
2 1 711 738 743 AND
2 1 741 742 744 LOR
2 1 743 744 745 LOR
2 1 710 487 746 XOR
2 1 746 745 747 XOR
2 1 710 487 748 AND
2 1 487 745 749 AND
2 1 710 745 750 AND
2 1 748 749 751 LOR
2 1 750 751 752 LOR
2 1 629 494 753 XOR
2 1 753 752 754 XOR
2 1 629 494 755 AND
2 1 494 752 756 AND
2 1 629 752 757 AND
2 1 755 756 758 LOR
2 1 757 758 759 LOR
2 1 636 501 760 XOR
2 1 760 759 761 XOR
2 1 709 674 762 XOR
2 1 702 667 763 XOR
2 1 695 664 764 XOR
2 1 688 709 765 XOR
2 1 681 702 766 XOR
2 1 674 695 767 XOR
2 1 767 508 768 XOR
2 1 767 508 769 AND
2 1 766 511 770 XOR
2 1 770 769 771 XOR
2 1 766 511 772 AND
2 1 511 769 773 AND
2 1 766 769 774 AND
2 1 772 773 775 LOR
2 1 774 775 776 LOR
2 1 765 518 777 XOR
2 1 777 776 778 XOR
2 1 765 518 779 AND
2 1 518 776 780 AND
2 1 765 776 781 AND
2 1 779 780 782 LOR
2 1 781 782 783 LOR
2 1 764 525 784 XOR
2 1 784 783 785 XOR
2 1 764 525 786 AND
2 1 525 783 787 AND
2 1 764 783 788 AND
2 1 786 787 789 LOR
2 1 788 789 790 LOR
2 1 763 532 791 XOR
2 1 791 790 792 XOR
2 1 763 532 793 AND
2 1 532 790 794 AND
2 1 763 790 795 AND
2 1 793 794 796 LOR
2 1 795 796 797 LOR
2 1 762 539 798 XOR
2 1 798 797 799 XOR
2 1 762 539 800 AND
2 1 539 797 801 AND
2 1 762 797 802 AND
2 1 800 801 803 LOR
2 1 802 803 804 LOR
2 1 681 546 805 XOR
2 1 805 804 806 XOR
2 1 681 546 807 AND
2 1 546 804 808 AND
2 1 681 804 809 AND
2 1 807 808 810 LOR
2 1 809 810 811 LOR
2 1 688 553 812 XOR
2 1 812 811 813 XOR
2 1 761 726 814 XOR
2 1 754 719 815 XOR
2 1 747 716 816 XOR
2 1 740 761 817 XOR
2 1 733 754 818 XOR
2 1 726 747 819 XOR
2 1 819 560 820 XOR
2 1 819 560 821 AND
2 1 818 563 822 XOR
2 1 822 821 823 XOR
2 1 818 563 824 AND
2 1 563 821 825 AND
2 1 818 821 826 AND
2 1 824 825 827 LOR
2 1 826 827 828 LOR
2 1 817 570 829 XOR
2 1 829 828 830 XOR
2 1 817 570 831 AND
2 1 570 828 832 AND
2 1 817 828 833 AND
2 1 831 832 834 LOR
2 1 833 834 835 LOR
2 1 816 577 836 XOR
2 1 836 835 837 XOR
2 1 816 577 838 AND
2 1 577 835 839 AND
2 1 816 835 840 AND
2 1 838 839 841 LOR
2 1 840 841 842 LOR
2 1 815 584 843 XOR
2 1 843 842 844 XOR
2 1 815 584 845 AND
2 1 584 842 846 AND
2 1 815 842 847 AND
2 1 845 846 848 LOR
2 1 847 848 849 LOR
2 1 814 591 850 XOR
2 1 850 849 851 XOR
2 1 814 591 852 AND
2 1 591 849 853 AND
2 1 814 849 854 AND
2 1 852 853 855 LOR
2 1 854 855 856 LOR
2 1 733 598 857 XOR
2 1 857 856 858 XOR
2 1 733 598 859 AND
2 1 598 856 860 AND
2 1 733 856 861 AND
2 1 859 860 862 LOR
2 1 861 862 863 LOR
2 1 740 605 864 XOR
2 1 864 863 865 XOR
2 1 813 778 866 XOR
2 1 806 771 867 XOR
2 1 799 768 868 XOR
2 1 792 813 869 XOR
2 1 785 806 870 XOR
2 1 778 799 871 XOR
2 1 871 612 872 XOR
2 1 871 612 873 AND
2 1 870 615 874 XOR
2 1 874 873 875 XOR
2 1 870 615 876 AND
2 1 615 873 877 AND
2 1 870 873 878 AND
2 1 876 877 879 LOR
2 1 878 879 880 LOR
2 1 869 622 881 XOR
2 1 881 880 882 XOR
2 1 869 622 883 AND
2 1 622 880 884 AND
2 1 869 880 885 AND
2 1 883 884 886 LOR
2 1 885 886 887 LOR
2 1 868 629 888 XOR
2 1 888 887 889 XOR
2 1 868 629 890 AND
2 1 629 887 891 AND
2 1 868 887 892 AND
2 1 890 891 893 LOR
2 1 892 893 894 LOR
2 1 867 636 895 XOR
2 1 895 894 896 XOR
2 1 867 636 897 AND
2 1 636 894 898 AND
2 1 867 894 899 AND
2 1 897 898 900 LOR
2 1 899 900 901 LOR
2 1 866 643 902 XOR
2 1 902 901 903 XOR
2 1 866 643 904 AND
2 1 643 901 905 AND
2 1 866 901 906 AND
2 1 904 905 907 LOR
2 1 906 907 908 LOR
2 1 785 650 909 XOR
2 1 909 908 910 XOR
2 1 785 650 911 AND
2 1 650 908 912 AND
2 1 785 908 913 AND
2 1 911 912 914 LOR
2 1 913 914 915 LOR
2 1 792 657 916 XOR
2 1 916 915 917 XOR
2 1 865 830 918 XOR
2 1 858 823 919 XOR
2 1 851 820 920 XOR
2 1 844 865 921 XOR
2 1 837 858 922 XOR
2 1 830 851 923 XOR
2 1 923 664 924 XOR
2 1 923 664 925 AND
2 1 922 667 926 XOR
2 1 926 925 927 XOR
2 1 922 667 928 AND
2 1 667 925 929 AND
2 1 922 925 930 AND
2 1 928 929 931 LOR
2 1 930 931 932 LOR
2 1 921 674 933 XOR
2 1 933 932 934 XOR
2 1 921 674 935 AND
2 1 674 932 936 AND
2 1 921 932 937 AND
2 1 935 936 938 LOR
2 1 937 938 939 LOR
2 1 920 681 940 XOR
2 1 940 939 941 XOR
2 1 920 681 942 AND
2 1 681 939 943 AND
2 1 920 939 944 AND
2 1 942 943 945 LOR
2 1 944 945 946 LOR
2 1 919 688 947 XOR
2 1 947 946 948 XOR
2 1 919 688 949 AND
2 1 688 946 950 AND
2 1 919 946 951 AND
2 1 949 950 952 LOR
2 1 951 952 953 LOR
2 1 918 695 954 XOR
2 1 954 953 955 XOR
2 1 918 695 956 AND
2 1 695 953 957 AND
2 1 918 953 958 AND
2 1 956 957 959 LOR
2 1 958 959 960 LOR
2 1 837 702 961 XOR
2 1 961 960 962 XOR
2 1 837 702 963 AND
2 1 702 960 964 AND
2 1 837 960 965 AND
2 1 963 964 966 LOR
2 1 965 966 967 LOR
2 1 844 709 968 XOR
2 1 968 967 969 XOR
2 1 917 882 970 XOR
2 1 910 875 971 XOR
2 1 903 872 972 XOR
2 1 896 917 973 XOR
2 1 889 910 974 XOR
2 1 882 903 975 XOR
2 1 975 716 976 XOR
2 1 975 716 977 AND
2 1 974 719 978 XOR
2 1 978 977 979 XOR
2 1 974 719 980 AND
2 1 719 977 981 AND
2 1 974 977 982 AND
2 1 980 981 983 LOR
2 1 982 983 984 LOR
2 1 973 726 985 XOR
2 1 985 984 986 XOR
2 1 973 726 987 AND
2 1 726 984 988 AND
2 1 973 984 989 AND
2 1 987 988 990 LOR
2 1 989 990 991 LOR
2 1 972 733 992 XOR
2 1 992 991 993 XOR
2 1 972 733 994 AND
2 1 733 991 995 AND
2 1 972 991 996 AND
2 1 994 995 997 LOR
2 1 996 997 998 LOR
2 1 971 740 999 XOR
2 1 999 998 1000 XOR
2 1 971 740 1001 AND
2 1 740 998 1002 AND
2 1 971 998 1003 AND
2 1 1001 1002 1004 LOR
2 1 1003 1004 1005 LOR
2 1 970 747 1006 XOR
2 1 1006 1005 1007 XOR
2 1 970 747 1008 AND
2 1 747 1005 1009 AND
2 1 970 1005 1010 AND
2 1 1008 1009 1011 LOR
2 1 1010 1011 1012 LOR
2 1 889 754 1013 XOR
2 1 1013 1012 1014 XOR
2 1 889 754 1015 AND
2 1 754 1012 1016 AND
2 1 889 1012 1017 AND
2 1 1015 1016 1018 LOR
2 1 1017 1018 1019 LOR
2 1 896 761 1020 XOR
2 1 1020 1019 1021 XOR
2 1 969 934 1022 XOR
2 1 962 927 1023 XOR
2 1 955 924 1024 XOR
2 1 948 969 1025 XOR
2 1 941 962 1026 XOR
2 1 934 955 1027 XOR
2 1 1027 768 1028 XOR
2 1 1027 768 1029 AND
2 1 1026 771 1030 XOR
2 1 1030 1029 1031 XOR
2 1 1026 771 1032 AND
2 1 771 1029 1033 AND
2 1 1026 1029 1034 AND
2 1 1032 1033 1035 LOR
2 1 1034 1035 1036 LOR
2 1 1025 778 1037 XOR
2 1 1037 1036 1038 XOR
2 1 1025 778 1039 AND
2 1 778 1036 1040 AND
2 1 1025 1036 1041 AND
2 1 1039 1040 1042 LOR
2 1 1041 1042 1043 LOR
2 1 1024 785 1044 XOR
2 1 1044 1043 1045 XOR
2 1 1024 785 1046 AND
2 1 785 1043 1047 AND
2 1 1024 1043 1048 AND
2 1 1046 1047 1049 LOR
2 1 1048 1049 1050 LOR
2 1 1023 792 1051 XOR
2 1 1051 1050 1052 XOR
2 1 1023 792 1053 AND
2 1 792 1050 1054 AND
2 1 1023 1050 1055 AND
2 1 1053 1054 1056 LOR
2 1 1055 1056 1057 LOR
2 1 1022 799 1058 XOR
2 1 1058 1057 1059 XOR
2 1 1022 799 1060 AND
2 1 799 1057 1061 AND
2 1 1022 1057 1062 AND
2 1 1060 1061 1063 LOR
2 1 1062 1063 1064 LOR
2 1 941 806 1065 XOR
2 1 1065 1064 1066 XOR
2 1 941 806 1067 AND
2 1 806 1064 1068 AND
2 1 941 1064 1069 AND
2 1 1067 1068 1070 LOR
2 1 1069 1070 1071 LOR
2 1 948 813 1072 XOR
2 1 1072 1071 1073 XOR
1 1 917 1074 LID
1 1 910 1075 LID
1 1 903 1076 LID
1 1 896 1077 LID
1 1 889 1078 LID
1 1 882 1079 LID
1 1 875 1080 LID
1 1 872 1081 LID
1 1 969 1082 LID
1 1 962 1083 LID
1 1 955 1084 LID
1 1 948 1085 LID
1 1 941 1086 LID
1 1 934 1087 LID
1 1 927 1088 LID
1 1 924 1089 LID
1 1 1021 1090 LID
1 1 1014 1091 LID
1 1 1007 1092 LID
1 1 1000 1093 LID
1 1 993 1094 LID
1 1 986 1095 LID
1 1 979 1096 LID
1 1 976 1097 LID
1 1 1073 1098 LID
1 1 1066 1099 LID
1 1 1059 1100 LID
1 1 1052 1101 LID
1 1 1045 1102 LID
1 1 1038 1103 LID
1 1 1031 1104 LID
1 1 1028 1105 LID
